2.44018548
3001.16659668
9223372036854775808.00000000
102.06482254
2.43029852
2.35525802
2.38542194
2.35155261
247275902074083072.00000000
0.23554423
193586595700408.31250000
2.42587946
2.33123457
14.63441628
17920471279127756.00000000
9578046530959442.00000000
2548490621200660992.00000000
2.48281672
10.38089139
2.43323044
2.34308020
2.49796192
157537823047.67999268
35659837273580504.00000000
2.66520154
2.43816966
2.31512534
2.38080635
2.30511199
26392716669783900.00000000
2.31764770
2.36903623
2.33787596
3656839691882411008.00000000
340108292.16000003
2.33682554
2.39965274
13256483.94000000
2.44190238
39573904643315464.00000000
2.53024965
2.86657671
2.83723960
2.32974227
2.30104679
8571.87395996
2.43003531
2.51031739
2.41660992
26027126347718984.00000000
